5702751554
6573032072
6573032075
3677033029
4907095680
5351488573
5351488574
5370780561
5370780563
5375845364
5375845397
5375845523
5381140867
5385288409
6049621175
6580140214
6580152576
4907095718
4907096143
5236855423
5237999388
5238130503
5238236958
5241529030
5260501626
5261554350
5273446515
5273446516
5273446931
5273992725
5273992735
5274986064
5292088297
5343326936
5343326946
5345392442
5345392490
5471200166
5501805306
5501805308
5675881130
5675881163
5675881237
5702751558
5705618218
5908327113
5908327125
5940298689
5965751611
5965751612
5965751621
5969755072
5969755073
5981524567
5982773894
6050850812
6050850821
6222490122
6222490127
6312946293
6558151918
6558151938
6558151939
6572662756
6572662763
6573032071
6576687345
6576753534
6576753535
6578739589
6578835948
6578835950
6579958058
6584567438
6943220073
7247655122
8158330654
8220229990
5289948815
5289948816
5407941423
5418399845
5451268084
5451268092
5469928147
5471200176
5473627814
5956369567
6039780205
6511029388
6511878102
6511878107
6511878110
6511950558
6512511670
6512834710
7500000771
7589809006
3354847825
3924088184
