5331615575
5331615578
5331615586
5331615592
5914047994
5914048004
5931923748
5931923749
5932066985
5934948467
5936148565
5936306513
5936306552
5937311321
5938258966
5938397272
5942236623
5957006987
5957006988
5957006991
5957007008
5957007032
5957007036
5958426099
5958426100
5958426101
5958738093
5958738115
5959066817
5959066819
5959066823
5959066834
5959269602
5959473526
5959473530
5959473581
5972600864
5978678162
5978678172
5978678699
6236655993
6236656037
6236656038
6491574271
6491574273
6491574282
6591521444
6591521449
6591984966
6591984969
6591984970
6591984972
6597268629
6600619890
6600740297
6600740298
6603474288
6603474289
6624253545
6624253550
7997189342
5341285065
5932061558
5936148541
5936307685
5936307695
5937297979
5937298497
6491678859
