6139180616
6139180622
6153834179
6161181062
6172485412
6173317440
6175069075
6175125100
6221475924
6236248735
6236442005
6236519002
6432776267
6440874629
6449616279
6449622294
6449622314
6455559489
6480814909
6480814918
6482050714
6482192686
6482192687
6482192691
6483516647
6483572119
6486149796
6497006056
6497006058
6497006059
6497902819
6501531228
6501748217
6501748230
6501748239
6501748240
6506398078
6510706684
6510795115
6510795122
6511029389
6511029390
6512834688
6512834698
6521705559
6537301679
6537301680
6537571757
6537582489
6537696853
6539883069
6546819582
6546833096
6547433431
6551354068
6551354077
6568072543
6610239312
6624253551
6631568952
6631568953
6631568956
6631568957
6631568958
6631731496
6631731497
6631731511
6641037143
6802123332
6869614699
6869614701
6869614714
6869614719
6906566955
6906566957
6973976040
6973976043
6982190323
6990554969
6993183083
6993191187
6993191188
7131572758
7340083891
7550834447
7629902966
7631928542
8032912770
8078517759
8142961245
8155095835
3596364342
5223378610
5226880737
5226880768
5226880787
5239919055
5249029205
5249029207
5275363217
