4907096122
4907096142
5175150220
5175152921
5175152951
5176840213
5176840215
5176840532
5176840557
5176840604
5191617833
5191617840
5191617851
5208930131
5208930132
5208930134
5208930140
5208930193
5214856304
5214856310
5221912136
5222036907
5222036914
5223296905
5223296906
5223296916
5223297746
5223320578
5223553802
5223554021
5223643824
5223643870
5223643871
5231005568
5235128478
5235128481
5235255780
5235316240
5250711374
5250711376
5260290606
5264187859
5272154102
5272154103
5273797445
5299538006
5308714248
5308714249
5308714254
5308714307
5308805569
5314033850
5314033851
5314033858
5314087286
5314087290
5324316762
5339365780
5339399306
5351328379
5351328380
5351328397
5351328398
5351328415
5357319112
5366248534
5401632853
5401632854
5401632855
5401632861
5403905153
5417044087
5431770854
5431770855
5431770878
5448769435
5451351696
5467594282
5467594285
5467594291
5467594307
5467595446
5469491991
5469491992
5469491994
5469491995
5469643964
5500370554
5500370560
5501808122
5501808123
5675881308
5675881311
5675881312
5730650763
5823782853
5823782864
5823782870
5857013689
5857013705
