5871512078
5871512392
5871512393
5871512397
5871512413
5871733794
5899863406
5899863407
5905944821
5905944826
5907715386
5907715387
5907715389
5907715390
5907715391
5907715400
5907715403
5907852253
5907852268
5907852271
5907852272
5908244152
5909931813
5909931814
5910079034
5910079036
5910079037
5910079056
5912299821
5920863820
5920863825
5921162676
5921162681
5921983822
5940355197
5940355221
5940947095
5941021650
5951511638
5951511640
5951511641
5951511662
5951962899
5952017900
5952017901
5954947593
5963717717
5963717732
5967008411
5967008416
5967008417
5975993200
5977652716
5977652723
5977652750
5981435551
5986078195
5986258706
5986258711
5986288793
5991038519
6008073617
6008073622
6008073623
6008108997
6014776004
6015541976
6020061540
6022697198
6022697200
6022697208
6022847513
6022847516
6022847517
6022847521
6032556875
6032557556
6037321749
6037321761
6037321773
6037321780
6049573997
6049574004
6053009031
6053009038
6053009041
6053009058
6109114809
6109114812
6110384479
6110384480
6110518904
6110518906
6110518913
6110518914
6137441860
6137441866
6137441870
6139180598
6139180614
