5275364040
5349650227
5407941452
5431394640
5434861035
5457477797
5457477815
5730581082
5905944829
5905944836
5905944852
5906572580
5909931819
5912299829
5920488208
5920488211
5920620245
5920620272
5936964574
6018035205
6019896373
6095946635
6106888559
6106888561
6109114834
6109628329
6109628331
6109628332
6152209555
6156438059
6219045428
6262406737
6414696974
6470311842
6473071266
6473366413
6480814899
6499432632
6499432638
6499846947
6499846948
6509360298
6509360306
6510525415
6510525416
8629847435
5239919052
5240050752
5240050776
5240050779
5871733791
5873533713
5873533715
5875333068
6049375100
6049375103
6049375130
6462642028
6462642031
6468377320
6468377324
5951345625
6153884221
5266314151
5268514104
5268514950
5272154049
5272154050
5272154063
5273447006
5316883684
5316883685
5316883701
5316883702
5316883703
5913928215
5914038579
5927035476
5927035477
5927172083
5927172887
6236514378
6236514383
6586720103
6587133914
6587133915
6587133923
6589701401
6610239316
3937922814
5224887427
5275592006
5294249112
5294249113
5294249117
5294282349
5315024379
5315024410
5325396566
5329742437
