5702751554
6573032072
6573032075
3677033029
4907095680
5351488573
5351488574
5370780561
5370780563
5375845364
5375845397
5375845523
5381140867
5385288409
6049621175
6580140214
6580152576
4907095718
4907096143
5236855423
5237999388
5238130503
5238236958
5241529030
5260501626
5261554350
5273446515
5273446516
5273446931
5273992725
5273992735
5274986064
5292088297
5343326936
5343326946
5345392442
5345392490
5471200166
5501805306
5501805308
5675881130
5675881163
5675881237
5702751558
5705618218
5908327113
5908327125
5940298689
5965751611
5965751612
5965751621
5969755072
5969755073
5981524567
5982773894
6050850812
6050850821
6222490122
6222490127
6312946293
6558151918
6558151938
6558151939
6572662756
6572662763
6573032071
6576687345
6576753534
6576753535
6578739589
6578835948
6578835950
6579958058
6584567438
6943220073
7247655122
8158330654
8220229990
5289948815
5289948816
5407941423
5418399845
5451268084
5451268092
5469928147
5471200176
5473627814
5956369567
6039780205
6511029388
6511878102
6511878107
6511878110
6511950558
6512511670
6512834710
7500000771
7589809006
3354847825
3924088184
4907096122
4907096142
5175150220
5175152921
5175152951
5176840213
5176840215
5176840532
5176840557
5176840604
5191617833
5191617840
5191617851
5208930131
5208930132
5208930134
5208930140
5208930193
5214856304
5214856310
5221912136
5222036907
5222036914
5223296905
5223296906
5223296916
5223297746
5223320578
5223553802
5223554021
5223643824
5223643870
5223643871
5231005568
5235128478
5235128481
5235255780
5235316240
5250711374
5250711376
5260290606
5264187859
5272154102
5272154103
5273797445
5299538006
5308714248
5308714249
5308714254
5308714307
5308805569
5314033850
5314033851
5314033858
5314087286
5314087290
5324316762
5339365780
5339399306
5351328379
5351328380
5351328397
5351328398
5351328415
5357319112
5366248534
5401632853
5401632854
5401632855
5401632861
5403905153
5417044087
5431770854
5431770855
5431770878
5448769435
5451351696
5467594282
5467594285
5467594291
5467594307
5467595446
5469491991
5469491992
5469491994
5469491995
5469643964
5500370554
5500370560
5501808122
5501808123
5675881308
5675881311
5675881312
5730650763
5823782853
5823782864
5823782870
5857013689
5857013705
5871512078
5871512392
5871512393
5871512397
5871512413
5871733794
5899863406
5899863407
5905944821
5905944826
5907715386
5907715387
5907715389
5907715390
5907715391
5907715400
5907715403
5907852253
5907852268
5907852271
5907852272
5908244152
5909931813
5909931814
5910079034
5910079036
5910079037
5910079056
5912299821
5920863820
5920863825
5921162676
5921162681
5921983822
5940355197
5940355221
5940947095
5941021650
5951511638
5951511640
5951511641
5951511662
5951962899
5952017900
5952017901
5954947593
5963717717
5963717732
5967008411
5967008416
5967008417
5975993200
5977652716
5977652723
5977652750
5981435551
5986078195
5986258706
5986258711
5986288793
5991038519
6008073617
6008073622
6008073623
6008108997
6014776004
6015541976
6020061540
6022697198
6022697200
6022697208
6022847513
6022847516
6022847517
6022847521
6032556875
6032557556
6037321749
6037321761
6037321773
6037321780
6049573997
6049574004
6053009031
6053009038
6053009041
6053009058
6109114809
6109114812
6110384479
6110384480
6110518904
6110518906
6110518913
6110518914
6137441860
6137441866
6137441870
6139180598
6139180614
6139180616
6139180622
6153834179
6161181062
6172485412
6173317440
6175069075
6175125100
6221475924
6236248735
6236442005
6236519002
6432776267
6440874629
6449616279
6449622294
6449622314
6455559489
6480814909
6480814918
6482050714
6482192686
6482192687
6482192691
6483516647
6483572119
6486149796
6497006056
6497006058
6497006059
6497902819
6501531228
6501748217
6501748230
6501748239
6501748240
6506398078
6510706684
6510795115
6510795122
6511029389
6511029390
6512834688
6512834698
6521705559
6537301679
6537301680
6537571757
6537582489
6537696853
6539883069
6546819582
6546833096
6547433431
6551354068
6551354077
6568072543
6610239312
6624253551
6631568952
6631568953
6631568956
6631568957
6631568958
6631731496
6631731497
6631731511
6641037143
6802123332
6869614699
6869614701
6869614714
6869614719
6906566955
6906566957
6973976040
6973976043
6982190323
6990554969
6993183083
6993191187
6993191188
7131572758
7340083891
7550834447
7629902966
7631928542
8032912770
8078517759
8142961245
8155095835
3596364342
5223378610
5226880737
5226880768
5226880787
5239919055
5249029205
5249029207
5275363217
5275364040
5349650227
5407941452
5431394640
5434861035
5457477797
5457477815
5730581082
5905944829
5905944836
5905944852
5906572580
5909931819
5912299829
5920488208
5920488211
5920620245
5920620272
5936964574
6018035205
6019896373
6095946635
6106888559
6106888561
6109114834
6109628329
6109628331
6109628332
6152209555
6156438059
6219045428
6262406737
6414696974
6470311842
6473071266
6473366413
6480814899
6499432632
6499432638
6499846947
6499846948
6509360298
6509360306
6510525415
6510525416
8629847435
5239919052
5240050752
5240050776
5240050779
5871733791
5873533713
5873533715
5875333068
6049375100
6049375103
6049375130
6462642028
6462642031
6468377320
6468377324
5951345625
6153884221
5266314151
5268514104
5268514950
5272154049
5272154050
5272154063
5273447006
5316883684
5316883685
5316883701
5316883702
5316883703
5913928215
5914038579
5927035476
5927035477
5927172083
5927172887
6236514378
6236514383
6586720103
6587133914
6587133915
6587133923
6589701401
6610239316
3937922814
5224887427
5275592006
5294249112
5294249113
5294249117
5294282349
5315024379
5315024410
5325396566
5329742437
5331615575
5331615578
5331615586
5331615592
5914047994
5914048004
5931923748
5931923749
5932066985
5934948467
5936148565
5936306513
5936306552
5937311321
5938258966
5938397272
5942236623
5957006987
5957006988
5957006991
5957007008
5957007032
5957007036
5958426099
5958426100
5958426101
5958738093
5958738115
5959066817
5959066819
5959066823
5959066834
5959269602
5959473526
5959473530
5959473581
5972600864
5978678162
5978678172
5978678699
6236655993
6236656037
6236656038
6491574271
6491574273
6491574282
6591521444
6591521449
6591984966
6591984969
6591984970
6591984972
6597268629
6600619890
6600740297
6600740298
6603474288
6603474289
6624253545
6624253550
7997189342
5341285065
5932061558
5936148541
5936307685
5936307695
5937297979
5937298497
6491678859
